Run parameters:
does_de_cluster=True
save_data=True
time_domain=True
number_of_points=50
varied_parameter=w_i
varied_par_values=[-0.5]
init_value=-0.5
final_value=-0.9
n_samples=1

Cosmological parameters:
omega_matter_now=0.3
omega_rad_now=0
hubble_constant_standard_units=67
scale_at_lss=0.0009165902841429881
a_min=1e-15
a_max=1
min_redshift=0
max_redshift=20
spectral_index=0.96
sigma8=0.85

Dark energy eos parameters:
selected_de_eos=de_eos_1
w_i=-0.5
w_f=-1
trans_steepness=10
trans_z=0.5
w=-1
c_eff_value=0

Precision parameters:
virialization_scale_tol=1.0e-06
turn_around_scale_tol=1.0e-06
a_ini=1.0e-15
nonlinear_perturbations_atol=1.0e-10
nonlinear_perturbations_rtol=1.0e-08
growth_factor_atol=1.0e-10
growth_factor_rtol=1.0e-08
dark_density_evolution_atol=1.0e-10
dark_density_evolution_rtol=1.0e-08
dark_density_evolution_max_step=1.0e-03
friedmann_atol=1.0e-10
friedmann_rtol=1.0e-08
friedmann_max_stepsize=1.0e-03
exact_decimals=5.0e+00
numerical_infty=1.0e+11
normalization_integrand_atol=1.0e-08
normalization_integrand_rtol=1.0e-06
mass_variance_filtered_spectrum_atol=1.0e-06
mass_variance_filtered_spectrum_rtol=1.0e-04
log_der_of_log_sigma_atol=1.0e-06
log_der_of_log_sigma_rtol=1.0e-04

*********************************
1.000000000e+10	8.687567701e-02
1.018628990e+10	8.616645375e-02
1.037605020e+10	8.546612280e-02
1.056934554e+10	8.476526713e-02
1.076624177e+10	8.406947761e-02
1.096680598e+10	8.337423558e-02
1.117110651e+10	8.269005150e-02
1.137921294e+10	8.200007192e-02
1.159119619e+10	8.132238674e-02
1.180712847e+10	8.063904607e-02
1.202708335e+10	7.996293145e-02
1.225113577e+10	7.928901454e-02
1.247936205e+10	7.862177497e-02
1.271183997e+10	7.795744092e-02
1.294864871e+10	7.729283182e-02
1.318986896e+10	7.663539312e-02
1.343558290e+10	7.597988162e-02
1.368587425e+10	7.532465034e-02
1.394082826e+10	7.467484189e-02
1.420053182e+10	7.403082096e-02
1.446507339e+10	7.338373251e-02
1.473454310e+10	7.274224185e-02
1.500903276e+10	7.210439434e-02
1.528863588e+10	7.147242903e-02
1.557344773e+10	7.084163880e-02
1.586356534e+10	7.021232921e-02
1.615908754e+10	6.958704846e-02
1.646011502e+10	6.896405757e-02
1.676675035e+10	6.834587618e-02
1.707909797e+10	6.772773539e-02
1.739726432e+10	6.711457590e-02
1.772135779e+10	6.650340674e-02
1.805148879e+10	6.589434165e-02
1.838776980e+10	6.528900238e-02
1.873031539e+10	6.468737518e-02
1.907924225e+10	6.408868460e-02
1.943466927e+10	6.349281438e-02
1.979671753e+10	6.289742436e-02
2.016551039e+10	6.230768214e-02
2.054117348e+10	6.171881169e-02
2.092383480e+10	6.113349203e-02
2.131362472e+10	6.055148859e-02
2.171067603e+10	5.997127756e-02
2.211512400e+10	5.939244657e-02
2.252710643e+10	5.882048203e-02
2.294676367e+10	5.824944458e-02
2.337423871e+10	5.767963642e-02
2.380967717e+10	5.711199904e-02
2.425322742e+10	5.654817827e-02
2.470504055e+10	5.599002094e-02
2.516527051e+10	5.543394916e-02
2.563407409e+10	5.487871610e-02
2.611161101e+10	5.432489365e-02
2.659804396e+10	5.377543680e-02
2.709353866e+10	5.322920200e-02
2.759826392e+10	5.268495768e-02
2.811239171e+10	5.214298048e-02
2.863609719e+10	5.160449611e-02
2.916955876e+10	5.106982658e-02
2.971295819e+10	5.053307957e-02
3.026648059e+10	5.000415147e-02
3.083031457e+10	4.947371533e-02
3.140465219e+10	4.894829201e-02
3.198968915e+10	4.842473574e-02
3.258562476e+10	4.790577960e-02
3.319266205e+10	4.738745960e-02
3.381100782e+10	4.687219720e-02
3.444087276e+10	4.635924467e-02
3.508247144e+10	4.584964230e-02
3.573602246e+10	4.533990632e-02
3.640174847e+10	4.483508965e-02
3.707987629e+10	4.433349268e-02
3.777063695e+10	4.383420367e-02
3.847426577e+10	4.333715553e-02
3.919100249e+10	4.284213948e-02
3.992109130e+10	4.235034175e-02
4.066478092e+10	4.186352270e-02
4.142232472e+10	4.137533056e-02
4.219398081e+10	4.089118467e-02
4.298001206e+10	4.041112120e-02
4.378068629e+10	3.993133370e-02
4.459627627e+10	3.945486901e-02
4.542705986e+10	3.898151138e-02
4.627332012e+10	3.850963927e-02
4.713534535e+10	3.804357283e-02
4.801342924e+10	3.757671631e-02
4.890787094e+10	3.711331252e-02
4.981897519e+10	3.665490085e-02
5.074705239e+10	3.619740301e-02
5.169241874e+10	3.574064432e-02
5.265539630e+10	3.529013715e-02
5.363631317e+10	3.484074186e-02
5.463550352e+10	3.439423381e-02
5.565330778e+10	3.395057644e-02
5.669007271e+10	3.350874790e-02
5.774615152e+10	3.307051923e-02
5.882190402e+10	3.263293212e-02
5.991769669e+10	3.220223147e-02
6.103390288e+10	3.177014756e-02
6.217090286e+10	3.134400358e-02
6.332908400e+10	3.091844057e-02
6.450884089e+10	3.049715681e-02
6.571057546e+10	3.007794722e-02
6.693469713e+10	2.966069181e-02
6.818162295e+10	2.924831465e-02
6.945177774e+10	2.883841009e-02
7.074559423e+10	2.842954589e-02
7.206351321e+10	2.802549876e-02
7.340598370e+10	2.762283679e-02
7.477346305e+10	2.722408077e-02
7.616641717e+10	2.682808520e-02
7.758532061e+10	2.643494033e-02
7.903065679e+10	2.604450429e-02
8.050291812e+10	2.565672526e-02
8.200260620e+10	2.527344264e-02
8.353023195e+10	2.489160511e-02
8.508631583e+10	2.451388943e-02
8.667138797e+10	2.413862468e-02
8.828598841e+10	2.376639993e-02
8.993066723e+10	2.339769499e-02
9.160598475e+10	2.303058760e-02
9.331251175e+10	2.266812813e-02
9.505082962e+10	2.230812655e-02
9.682153060e+10	2.195106609e-02
9.862521795e+10	2.159720230e-02
1.004625062e+11	2.124756083e-02
1.023340212e+11	2.090027192e-02
1.042404007e+11	2.055549142e-02
1.061822941e+11	2.021482765e-02
1.081603630e+11	1.987803208e-02
1.101752814e+11	1.954301445e-02
1.122277356e+11	1.921215747e-02
1.143184250e+11	1.888455860e-02
1.164480618e+11	1.855996492e-02
1.186173716e+11	1.823891879e-02
1.208270935e+11	1.792088756e-02
1.230779803e+11	1.760611073e-02
1.253707987e+11	1.729451090e-02
1.277063301e+11	1.698676724e-02
1.300853701e+11	1.668228207e-02
1.325087292e+11	1.638128592e-02
1.349772330e+11	1.608343753e-02
1.374917226e+11	1.578868689e-02
1.400530545e+11	1.549777582e-02
1.426621015e+11	1.521007554e-02
1.453197524e+11	1.492671967e-02
1.480269127e+11	1.464569518e-02
1.507845046e+11	1.436852704e-02
1.535934677e+11	1.409474413e-02
1.564547589e+11	1.382420823e-02
1.593693530e+11	1.355785199e-02
1.623382432e+11	1.329450938e-02
1.653624407e+11	1.303435117e-02
1.684429760e+11	1.277826208e-02
1.715808986e+11	1.252474525e-02
1.747772774e+11	1.227564053e-02
1.780332016e+11	1.202983430e-02
1.813497804e+11	1.178702372e-02
1.847281437e+11	1.154822233e-02
1.881694425e+11	1.131262609e-02
1.916748492e+11	1.108051423e-02
1.952455581e+11	1.085226672e-02
1.988827857e+11	1.062732533e-02
2.025877712e+11	1.040554197e-02
2.063617768e+11	1.018766371e-02
2.102060883e+11	9.972765298e-03
2.141220155e+11	9.761589645e-03
2.181108924e+11	9.553757185e-03
2.221740781e+11	9.349237387e-03
2.263129568e+11	9.147963965e-03
2.305289387e+11	8.950502592e-03
2.348234601e+11	8.756306235e-03
2.391979840e+11	8.565298417e-03
2.436540009e+11	8.377657899e-03
2.481930289e+11	8.193128187e-03
2.528166144e+11	8.012270508e-03
2.575263327e+11	7.834290433e-03
2.623237882e+11	7.659896500e-03
2.672106155e+11	7.488527562e-03
2.721884795e+11	7.320494976e-03
2.772590760e+11	7.155484513e-03
2.824241326e+11	6.993710754e-03
2.876854090e+11	6.835042058e-03
2.930446977e+11	6.679513610e-03
2.985038245e+11	6.527039674e-03
3.040646493e+11	6.377676930e-03
3.097290667e+11	6.231035629e-03
3.154990065e+11	6.087496321e-03
3.213764344e+11	5.946896801e-03
3.273633529e+11	5.809268008e-03
3.334618016e+11	5.674343795e-03
3.396738582e+11	5.542181845e-03
3.460016392e+11	5.413176712e-03
3.524473004e+11	5.286534061e-03
3.590130377e+11	5.162680772e-03
3.657010881e+11	5.041456989e-03
3.725137301e+11	4.922974445e-03
3.794532847e+11	4.807016840e-03
3.865221163e+11	4.693543225e-03
3.937226330e+11	4.582866308e-03
4.010572881e+11	4.474519892e-03
4.085285804e+11	4.368403257e-03
4.161390553e+11	4.264840198e-03
4.238913057e+11	4.163568994e-03
4.317879727e+11	4.064707094e-03
4.398317467e+11	3.967971524e-03
4.480253680e+11	3.873465913e-03
4.563716282e+11	3.781107198e-03
4.648733708e+11	3.690897995e-03
4.735334923e+11	3.602634369e-03
4.823549431e+11	3.516561983e-03
4.913407286e+11	3.432563455e-03
5.004939103e+11	3.350399939e-03
5.098176064e+11	3.270259665e-03
5.193149937e+11	3.191767768e-03
5.289893076e+11	3.115091582e-03
5.388438443e+11	3.040298827e-03
5.488819610e+11	2.967284132e-03
5.591070777e+11	2.896041610e-03
5.695226780e+11	2.826226036e-03
5.801323104e+11	2.758229213e-03
5.909395895e+11	2.691736477e-03
6.019481974e+11	2.626815010e-03
6.131618845e+11	2.563235310e-03
6.245844712e+11	2.501226431e-03
6.362198493e+11	2.440742420e-03
6.480719826e+11	2.381528122e-03
6.601449093e+11	2.323487378e-03
6.724427423e+11	2.267313575e-03
6.849696716e+11	2.211977223e-03
6.977299650e+11	2.158146239e-03
7.107279697e+11	2.105415180e-03
7.239681141e+11	2.053892971e-03
7.374549090e+11	2.003505603e-03
7.511929493e+11	1.954314980e-03
7.651869155e+11	1.906197778e-03
7.794415750e+11	1.859175865e-03
7.939617845e+11	1.813076751e-03
8.087524909e+11	1.768140977e-03
8.238187331e+11	1.724187936e-03
8.391656443e+11	1.681198197e-03
8.547984529e+11	1.639186826e-03
8.707224849e+11	1.598095465e-03
8.869431656e+11	1.557864760e-03
9.034660212e+11	1.518596787e-03
9.202966809e+11	1.479499865e-03
9.374408788e+11	1.442456470e-03
9.549044558e+11	1.405651509e-03
9.726933615e+11	1.369818606e-03
9.908136567e+11	1.334537764e-03
1.009271515e+12	1.300155531e-03
1.028073224e+12	1.266567723e-03
1.047225190e+12	1.233608836e-03
1.066733938e+12	1.201505750e-03
1.086606114e+12	1.170039393e-03
1.106848489e+12	1.139279596e-03
1.127467958e+12	1.109230912e-03
1.148471548e+12	1.079834630e-03
1.169866413e+12	1.051111525e-03
1.191659843e+12	1.023090445e-03
1.213859263e+12	9.954760636e-04
1.236472235e+12	9.688226009e-04
1.259506464e+12	9.426589526e-04
1.282969798e+12	9.170945799e-04
1.306870230e+12	8.921322323e-04
1.331215903e+12	8.677053851e-04
1.356015111e+12	8.438884985e-04
1.381276303e+12	8.206663167e-04
1.407008086e+12	7.979541182e-04
1.433219226e+12	7.758106069e-04
1.459918652e+12	7.541891071e-04
1.487115463e+12	7.331344009e-04
1.514818922e+12	7.124965775e-04
1.543038469e+12	6.924812212e-04
1.571783718e+12	6.728196722e-04
1.601064461e+12	6.539135593e-04
1.630890676e+12	6.353011640e-04
1.661272522e+12	6.173058389e-04
1.692220352e+12	5.995381180e-04
1.723744708e+12	5.823141064e-04
1.755856331e+12	5.655497158e-04
1.788566162e+12	5.492185915e-04
1.821885343e+12	5.333168908e-04
1.855825228e+12	5.179069684e-04
1.890397378e+12	5.027791221e-04
1.925613572e+12	4.881250460e-04
1.961485809e+12	4.738525058e-04
1.998026309e+12	4.600322840e-04
2.035247521e+12	4.464183929e-04
2.073162127e+12	4.331516512e-04
2.111783044e+12	4.203864254e-04
2.151123430e+12	4.079462711e-04
2.191196688e+12	3.958028965e-04
2.232016469e+12	3.848338280e-04
2.273596682e+12	3.724850462e-04
2.315951493e+12	3.617160931e-04
2.359095331e+12	3.504638765e-04
2.403042894e+12	3.398259813e-04
2.447809157e+12	3.295244562e-04
2.493409370e+12	3.195005497e-04
2.539859069e+12	3.097457037e-04
2.587174079e+12	3.002614441e-04
2.635370519e+12	2.910402908e-04
2.684464811e+12	2.820715450e-04
2.734473680e+12	2.733426175e-04
2.785414163e+12	2.648562454e-04
2.837303617e+12	2.565956324e-04
2.890159718e+12	2.485637670e-04
2.944000475e+12	2.407879392e-04
2.998844231e+12	2.331256963e-04
3.054709671e+12	2.257555176e-04
3.111615828e+12	2.185678174e-04
3.169582089e+12	2.115820961e-04
3.228628203e+12	2.048417605e-04
3.288774286e+12	1.980837727e-04
3.350040830e+12	1.917995778e-04
3.412448708e+12	1.855800274e-04
3.476019182e+12	1.794724716e-04
3.540773909e+12	1.736123993e-04
3.606734952e+12	1.684083199e-04
3.673924782e+12	1.623423798e-04
3.742366291e+12	1.569373896e-04
3.812082796e+12	1.517781412e-04
3.883098049e+12	1.466759525e-04
3.955436245e+12	1.418012930e-04
4.029122028e+12	1.369810229e-04
4.104180503e+12	1.323522585e-04
4.180637241e+12	1.279167103e-04
4.258518292e+12	1.234858842e-04
4.337850188e+12	1.191767958e-04
4.418659956e+12	1.150615102e-04
4.500975130e+12	1.110791798e-04
4.584823751e+12	1.072048019e-04
4.670234388e+12	1.034280809e-04
4.757236139e+12	9.975182508e-05
4.845858645e+12	9.623889756e-05
4.936132098e+12	9.276688142e-05
5.028087255e+12	8.950799816e-05
5.121755443e+12	8.631029386e-05
5.217168576e+12	8.320911762e-05
5.314359158e+12	8.017426494e-05
5.413360303e+12	7.727653298e-05
5.514205739e+12	7.449471775e-05
5.616929824e+12	7.177895422e-05
5.721567555e+12	6.912668561e-05
5.828154581e+12	6.660160684e-05
5.936727216e+12	6.415787074e-05
6.047322449e+12	6.173782288e-05
6.159977960e+12	5.944674121e-05
6.274732130e+12	5.721327088e-05
6.391624053e+12	5.509361497e-05
6.510693555e+12	5.297356577e-05
6.631981202e+12	5.095003980e-05
6.755528315e+12	4.903651901e-05
6.881376986e+12	4.715241522e-05
7.009570091e+12	4.533427504e-05
7.140151304e+12	4.355116854e-05
7.273165113e+12	4.187158265e-05
7.408656835e+12	4.022571293e-05
7.546672631e+12	3.864628270e-05
7.687259522e+12	3.711953082e-05
7.830465404e+12	3.564217303e-05
7.976339068e+12	3.421868407e-05
8.124930211e+12	3.284101427e-05
8.276289456e+12	3.151066060e-05
8.430468372e+12	3.023034959e-05
8.587519485e+12	2.899449930e-05
8.747496302e+12	2.780481511e-05
8.910453325e+12	2.665332252e-05
9.076446073e+12	2.553603027e-05
9.245531098e+12	2.448099445e-05
9.417766007e+12	2.345040740e-05
9.593209478e+12	2.246530927e-05
9.771921284e+12	2.151079976e-05
9.953962310e+12	2.060143852e-05
1.013939458e+13	1.971794076e-05
1.032828126e+13	1.887008902e-05
1.052068671e+13	1.806162278e-05
1.071667648e+13	1.727672124e-05
1.091631734e+13	1.652217194e-05
1.111967731e+13	1.579720453e-05
1.132682567e+13	1.510136310e-05
1.153783300e+13	1.443323623e-05
1.175277117e+13	1.379115453e-05
1.197171343e+13	1.317169245e-05
1.219473437e+13	1.258098082e-05
1.242190995e+13	1.201426592e-05
1.265331759e+13	1.146805211e-05
1.288903612e+13	1.094367423e-05
1.312914585e+13	1.044142399e-05
1.337372858e+13	9.955924173e-06
1.362286764e+13	9.492366150e-06
1.387664791e+13	9.047578961e-06
1.413515585e+13	8.621772577e-06
1.439847953e+13	8.218513677e-06
1.466670866e+13	7.821632611e-06
1.493993464e+13	7.444399162e-06
1.521825053e+13	7.087637573e-06
1.550175117e+13	6.743864245e-06
1.579053314e+13	6.411577035e-06
1.608469483e+13	6.100931249e-06
1.638433646e+13	5.806648689e-06
1.668956010e+13	5.513430407e-06
1.700046975e+13	5.237136222e-06
1.731717134e+13	4.975106946e-06
1.763977275e+13	4.724385970e-06
1.796838391e+13	4.483967329e-06
1.830311676e+13	4.255519699e-06
1.864408534e+13	4.037327342e-06
1.899140582e+13	3.828243111e-06
1.934519654e+13	3.628875667e-06
1.970557802e+13	3.438793637e-06
2.007267304e+13	3.257747232e-06
2.044660667e+13	3.086484364e-06
2.082750630e+13	2.920543855e-06
2.121550171e+13	2.766021438e-06
2.161072509e+13	2.617059814e-06
2.201331107e+13	2.476017014e-06
2.242339683e+13	2.371397760e-06
2.284112207e+13	2.207833793e-06
2.326662911e+13	2.085566869e-06
2.370006292e+13	1.976218460e-06
2.414157116e+13	1.863671842e-06
2.459130425e+13	1.762435603e-06
2.504941542e+13	1.654505807e-06
2.551606074e+13	1.561187928e-06
2.599139918e+13	1.471419342e-06
2.647559271e+13	1.386818056e-06
2.696880626e+13	1.307150922e-06
2.747120789e+13	1.230188660e-06
2.798296876e+13	1.157310270e-06
2.850426321e+13	1.089113315e-06
2.903526885e+13	1.024207853e-06
2.957616659e+13	9.639300689e-07
3.012714071e+13	9.046182535e-07
3.068837892e+13	8.538369956e-07
3.126007243e+13	8.000104354e-07
3.184241602e+13	7.520279245e-07
3.243560807e+13	7.023379364e-07
3.303985070e+13	6.619622471e-07
3.365534976e+13	6.198274323e-07
3.428231494e+13	5.816739421e-07
3.492095985e+13	5.426450124e-07
3.557150207e+13	5.063501703e-07
3.623416323e+13	4.738613034e-07
3.690916911e+13	4.431354181e-07
3.759674966e+13	4.135551006e-07
3.829713914e+13	3.866241984e-07
3.901057617e+13	3.608388892e-07
3.973730381e+13	3.364136852e-07
4.047756966e+13	3.137485446e-07
4.123162591e+13	2.924017678e-07
4.199972947e+13	2.723757968e-07
4.278214202e+13	2.536147922e-07
4.357913012e+13	2.360187419e-07
4.439096531e+13	2.197738533e-07
4.521792417e+13	2.043419944e-07
4.606028844e+13	1.897752005e-07
4.691834511e+13	1.762562413e-07
4.779238650e+13	1.636916705e-07
4.868271040e+13	1.519852476e-07
4.958962014e+13	1.410185412e-07
5.051342469e+13	1.306275676e-07
5.145443878e+13	1.209866719e-07
5.241298302e+13	1.121002279e-07
5.338938397e+13	1.037012068e-07
5.438397428e+13	9.587445657e-08
5.539709281e+13	8.854200222e-08
5.642908471e+13	8.177802947e-08
5.748030158e+13	7.549105042e-08
5.855110156e+13	6.988157822e-08
5.964184946e+13	6.392335063e-08
6.075291689e+13	5.898534574e-08
6.188468239e+13	5.439002017e-08
6.303753153e+13	5.011290898e-08
6.421185709e+13	4.637017071e-08
6.540805915e+13	4.215199404e-08
6.662654525e+13	3.882651457e-08
6.786773051e+13	3.563452143e-08
6.913203780e+13	3.270262618e-08
7.041989785e+13	2.992932875e-08
7.173174944e+13	2.736202654e-08
7.306803951e+13	2.507312746e-08
7.442922330e+13	2.292772855e-08
7.581576458e+13	2.093550951e-08
7.722813571e+13	1.909640503e-08
7.866681790e+13	1.738245889e-08
8.013230128e+13	1.583126006e-08
8.162508514e+13	1.443828530e-08
8.314567806e+13	1.317804103e-08
8.469459808e+13	1.198598806e-08
8.627237292e+13	1.088072234e-08
8.787954012e+13	9.842553099e-09
8.951664721e+13	8.956014403e-09
9.118425196e+13	8.118158327e-09
9.288292250e+13	7.364408448e-09
9.461323756e+13	6.681186093e-09
9.637578664e+13	6.042995446e-09
9.817117023e+13	5.472854482e-09
1.000000000e+14	4.934741421e-09
